CITYSCAPES_MEAN = [0.28689554, 0.32513303, 0.28389177]
CITYSCAPES_STD = [0.18696375, 0.19017339, 0.18720214]